[gd_scene load_steps=2 format=3 uid="uid://denv3d001"]

[ext_resource type="Script" path="res://scenes/shared/environment_3d.gd" id="1_script"]

[sub_resource type="ProceduralSkyMaterial" id="ProceduralSkyMaterial_sky01"]
sky_top_color = Color(0.45, 0.6, 0.85, 1)
sky_horizon_color = Color(0.85, 0.78, 0.72, 1)
ground_bottom_color = Color(0.2, 0.18, 0.14, 1)
ground_horizon_color = Color(0.6, 0.55, 0.45, 1)

[sub_resource type="Sky" id="Sky_sky01"]
sky_material = SubResource("ProceduralSkyMaterial_sky01")

[sub_resource type="Environment" id="Environment_env01"]
background_mode = 2
sky = SubResource("Sky_sky01")
ambient_light_source = 2
ambient_light_color = Color(0.42, 0.38, 0.32, 1)
ambient_light_energy = 0.55
ssao_enabled = true
ssao_radius = 2.5
ssao_intensity = 0.8
fog_enabled = false
fog_light_color = Color(0.85, 0.78, 0.72, 1)
fog_light_energy = 1.0
fog_density = 0.0025
fog_aerial_perspective = 0.0
fog_sky_affect = 0.3

[node name="Environment3D" type="Node3D"]
script = ExtResource("1_script")

[node name="WorldEnvironment" type="WorldEnvironment" parent="."]
environment = SubResource("Environment_env01")

[node name="DirectionalLight" type="DirectionalLight3D" parent="."]
transform = Transform3D(0.866, -0.354, 0.354, 0, 0.707, 0.707, -0.5, -0.612, 0.612, 0, 10, 0)
light_color = Color(1, 0.94, 0.82, 1)
light_energy = 0.95
shadow_enabled = true
shadow_blur = 4.0
shadow_opacity = 0.55
directional_shadow_mode = 2
directional_shadow_max_distance = 120.0

[node name="FillLight" type="DirectionalLight3D" parent="."]
transform = Transform3D(0.866, 0.354, -0.354, 0, 0.707, 0.707, 0.5, -0.612, 0.612, 0, 10, 0)
light_color = Color(0.75, 0.82, 0.95, 1)
light_energy = 0.45
shadow_enabled = false

[node name="MoonLight" type="DirectionalLight3D" parent="."]
transform = Transform3D(0.866, 0.354, -0.354, 0, 0.707, 0.707, 0.5, -0.612, 0.612, 0, 10, 0)
light_color = Color(0.7, 0.75, 0.9, 1)
light_energy = 0.0
shadow_enabled = false
